1485463	0.792101	104	2	424
1203407	0.891730	104	4	1103
2054391	0.808200	104	2	474
1245794	0.907718	104	3	774
967926	0.927171	104	3	787
1336226	0.875158	104	3	807
972873	0.904149	104	4	1087
1706933	0.668412	104	3	798
1254998	0.656087	104	4	1072
1319336	0.787806	104	4	1101
2465971	0.791743	104	3	776
2304664	0.565401	104	6	1697
1825548	0.607620	104	3	826
1675411	0.685243	104	3	770
1642050	0.735091	104	6	1912
1665991	0.792240	104	6	1832
1539203	0.872360	104	3	822
1667209	0.729303	104	4	1172
1021126	0.853564	104	3	805
1443824	0.717884	104	4	1197
1095799	0.722269	104	6	1841
977737	0.883777	104	4	1111
610819	0.865618	104	4	1045
844477	0.879071	104	4	1068
1097032	0.865310	104	4	1144
1066909	0.910869	104	5	1400
1352971	0.838714	104	5	1508
1707579	0.656844	104	7	2019
1539530	0.668437	104	6	1910
1631777	0.938901	104	3	857
1101325	0.914854	104	3	825
982856	0.826400	104	4	1235
838005	0.835036	104	7	2110
1213965	0.812605	104	6	1801
1112252	0.895586	104	3	925
1448198	0.816937	104	3	889
1272758	0.850264	104	3	873
1184599	0.877389	104	5	1688
1625030	0.792875	104	3	914
1277955	0.914329	104	3	887
802074	0.950962	104	4	1313
1643124	0.911735	104	4	1196
1077250	0.946736	104	4	1315
1059490	0.872680	104	4	1442
894563	0.805893	104	5	3320
1243515	0.848808	104	4	1445
1373873	0.883768	104	5	1966
1622784	0.805901	104	6	2013
1400029	0.829645	104	4	1283
1454340	0.866216	104	4	1207
2177658	0.691468	104	4	1219
833212	0.942576	104	3	892
1020694	0.893108	104	4	1214
1020395	0.798560	104	3	925
1595882	0.802130	104	3	830
1173481	0.827870	104	4	1227
1060656	0.945248	104	3	914
1017524	0.956038	104	3	877
1433261	0.852842	104	2	465
1175512	0.947575	104	3	903
1758683	0.868230	104	3	947
1450328	0.885247	104	3	937
1874176	0.877878	104	3	892
1386947	0.742518	104	2	454
1586583	0.869740	104	3	1697
1783619	0.942851	104	2	932
1931379	0.848492	104	4	1360
828398	0.829995	104	3	931
908365	0.981559	104	2	605
1314457	0.804668	104	2	451
941243	0.902453	104	2	454
1022204	0.926075	104	3	856
1514088	0.900291	104	3	879
1866100	0.948188	104	3	1020
622833	0.863489	104	3	1029
1214521	0.772317	104	3	857
1163106	0.744049	104	4	1237
669217	0.924501	104	3	852
2143002	0.883806	104	3	911
2457669	0.891840	104	3	897
2003251	0.793304	104	3	970
1017379	0.889395	104	2	509
1534714	0.868504	104	4	1222
928031	0.815495	104	3	884
1193276	0.867249	104	3	833
1559121	0.696686	104	3	857
1012037	0.892355	104	3	777
1482593	0.905099	104	3	795
832241	0.907389	104	3	848
1525793	0.684572	104	5	1612
2195074	0.708133	104	3	895
626666	0.930653	104	3	871
1820716	0.855179	104	3	909
1269473	0.956426	104	3	818
1609650	0.978502	104	3	831
872505	0.890624	104	5	1420
1072901	0.894435	104	4	1232
776282	0.801123	104	4	1130
837509	0.931565	104	3	880
1933562	0.988110	104	2	490
843405	0.853537	104	5	1552
1749406	0.958319	104	3	837
1931014	0.846301	104	3	821
848103	0.884478	104	3	880
1317680	0.944798	104	4	1227
674267	0.974818	104	3	852
1251186	0.869535	104	4	1225
810521	0.923354	104	3	814
789036	0.986799	104	3	848
605326	0.925988	104	3	875
1019115	0.904184	104	3	771
537537	0.933497	104	3	817
1275367	0.865055	104	3	790
963286	0.878125	104	3	820
790487	0.729397	104	4	1194
857073	0.918584	104	3	912
819228	0.931769	104	3	879
1314494	0.840265	104	5	1570
957908	0.838050	104	3	1749
1266050	0.611284	104	3	1791
854514	0.975965	104	3	954
728384	0.949007	104	4	1289
622503	0.934415	104	4	1264
1026997	0.877902	104	3	867
1099833	0.884802	104	4	1167
1009160	0.816383	104	5	1597
721609	0.869576	104	4	1255
1146768	0.931073	104	4	1188
1666817	0.785179	104	3	914
1321202	0.795379	104	3	892
1509177	0.678358	104	3	905
983118	0.909371	104	3	852
1621962	0.750355	104	3	854
1906543	0.646100	104	4	1251
1616045	0.847273	104	4	1226
970313	0.919022	104	2	509
957337	0.952143	104	2	497
1519348	0.684422	104	6	2106
636283	0.969155	104	3	792
1158236	0.927692	104	3	911
1502902	0.710378	104	3	901
843399	0.919576	104	2	490
1385308	0.619559	104	2	578
1149057	0.817235	104	2	470
1844265	0.753953	104	3	798
2397654	0.637378	104	3	879
965081	0.917829	104	5	1623
1495044	0.824088	104	4	1227
1679710	0.856861	104	5	3161
1648085	0.664249	104	13	5049
1520286	0.706266	104	9	3188
1648640	0.932686	104	2	617
1422335	0.904619	104	5	1849
1596072	0.895021	104	5	1652
914374	0.903916	104	4	1313
1706527	0.924961	104	2	559
1189100	0.837616	104	8	2982
1644773	0.787506	104	3	909
1084838	0.932803	104	3	882
1096519	0.956055	104	3	889
1316936	0.885022	104	5	1667
1503160	0.767193	104	4	1196
1297720	0.853673	104	3	933
1741690	0.641771	104	4	1262
1625369	0.850419	104	3	823
479175	0.803169	104	2	482
584968	0.770352	104	2	526
692992	0.988203	104	3	846
556880	0.985022	104	3	868
600707	0.986536	104	3	886
752286	0.976195	104	3	890
624295	0.989056	104	4	1309
467173	0.982705	104	4	1209
729968	0.984876	104	4	1230
828106	0.971166	104	4	1259
678412	0.935690	104	3	961
574444	0.811317	104	4	1243
814953	0.875500	104	3	806
1074137	0.965110	104	2	507
839465	0.906517	104	2	488
794189	0.917174	104	2	491
876700	0.932163	104	2	505
920200	0.838778	104	4	1422
734908	0.790573	104	4	1306
1075964	0.752246	104	3	835
1539538	0.776493	104	8	2701
1718377	0.830986	104	6	2124
1045775	0.762670	104	5	1583
1341534	0.594633	104	3	1581
1821233	0.659503	104	3	1572
2371539	0.944079	104	2	548
780083	0.945958	104	4	1344
1055691	0.954331	104	4	1157
899425	0.806631	104	2	472
707617	0.982274	104	2	441
784196	0.939922	104	3	846
1075783	0.862229	104	3	802
1473825	0.833166	104	4	1322
714894	0.901104	104	4	1275
1046268	0.928851	104	4	1329
1129925	0.601608	104	3	936
845534	0.914107	104	2	902
920747	0.861033	104	4	2380
787542	0.815722	104	3	937
922395	0.878032	104	3	911
1388590	0.718629	104	3	888
1369970	0.725134	104	3	831
835874	0.871214	104	4	1281
1099320	0.935500	104	3	826
1113619	0.645393	104	4	1153
1098809	0.895453	104	6	1913
1161144	0.801337	104	6	1937
602123	0.791162	104	2	474
724499	0.546015	104	2	484
830906	0.975730	104	2	445
1291579	0.855893	104	4	1140
1213130	0.834549	104	5	1606
998784	0.793315	104	4	1183
847122	0.844643	104	3	821
1018574	0.861501	104	4	1252
1141710	0.773376	104	5	1506
592268	0.893732	104	2	482
1548036	0.565236	104	7	2357
540544	0.929689	104	2	462
1267440	0.994730	104	2	465
1060335	0.968643	104	2	524
1334746	0.844484	104	3	837
1003731	0.978360	104	2	470
770635	0.981963	104	2	466
1230524	0.924955	104	2	464
1996265	0.724729	104	3	926
1347343	0.960249	104	2	1044
1028073	0.957761	104	2	965
735576	0.833512	104	2	539
572780	0.984732	104	2	482
1178683	0.765030	104	2	518
960858	0.978594	104	2	567
1654998	0.816913	104	3	883
1469443	0.946493	104	2	540
1256251	0.964500	104	2	533
518683	0.890661	104	2	533
1178639	0.927981	104	2	445
2753390	0.676482	104	2	552
1335317	0.969464	104	2	553
937266	0.853706	104	2	453
715071	0.825670	104	2	491
1050744	0.888234	104	2	514
1542477	0.636508	104	3	864
1084988	0.893118	104	2	1128
1935673	0.619397	104	2	1026
1180533	0.885453	104	2	613
668186	0.979661	104	2	539
625772	0.988050	104	2	590
913941	0.950020	104	3	998
828888	0.976038	104	3	947
968784	0.843832	104	2	476
432415	0.979524	104	2	457
1194242	0.953282	104	2	491
1176055	0.951444	104	2	485
183084	0.981780	104	2	457
663213	0.982713	104	2	447
973763	0.942995	104	2	484
