3129370	0.381500	104	2	190
3301788	0.322367	104	4	382
3176994	0.487316	104	2	200
3064295	0.346282	104	3	289
4240214	0.218153	104	3	285
4110833	0.355578	104	3	294
4205427	0.095919	104	4	373
2648172	0.319818	104	3	288
3151246	0.158956	104	4	376
4016707	0.076822	104	4	374
3767523	0.201719	104	3	292
4466671	0.092097	104	6	573
2633733	0.287290	104	3	299
2982841	0.175846	104	3	293
4037039	0.061452	104	6	575
4484420	0.121514	104	6	574
3344068	0.296750	104	3	282
3990922	0.027161	104	4	377
3482529	0.246754	104	3	288
3976629	0.092570	104	4	376
3732486	0.146796	104	6	570
3462874	0.230836	104	4	379
3112339	0.174381	104	4	377
3416461	0.169287	104	4	377
3654368	0.211233	104	4	389
3987093	0.180638	104	5	482
3526605	0.140931	104	5	468
4050489	0.093588	104	7	696
3704029	0.039495	104	6	576
3197383	0.410181	104	3	279
2917654	0.415535	104	3	285
3335812	0.181027	104	4	371
5293572	0.050109	104	7	643
3778728	0.088699	104	6	548
3063910	0.135459	104	3	282
3282846	0.382216	104	3	286
2580376	0.328677	104	3	288
4430565	0.125027	104	5	462
2753181	0.528908	104	3	287
3240809	0.293904	104	3	291
3937980	0.117855	104	4	373
3536415	0.188741	104	4	390
4040216	0.095511	104	4	362
3795888	0.109703	104	4	381
5472545	0.083383	104	5	485
3829467	0.113976	104	4	375
4207167	0.046784	104	5	471
3403487	0.227891	104	6	556
3651516	0.134279	104	4	406
3145331	0.224398	104	4	370
3348207	0.197070	104	4	376
3213232	0.195954	104	3	293
3431475	0.215787	104	4	370
3697003	0.268975	104	3	288
3931585	0.161164	104	3	287
3662262	0.158565	104	4	372
2917605	0.357084	104	3	287
3067510	0.316029	104	3	287
2341390	0.382730	104	2	189
2987558	0.375533	104	3	290
3706058	0.357691	104	3	283
3055870	0.387643	104	3	295
3124739	0.363173	104	3	284
3109549	0.264360	104	2	184
3199967	0.216261	104	3	293
2920521	0.474548	104	2	190
3460215	0.193301	104	4	375
2966852	0.369127	104	3	287
3066776	0.389493	104	2	190
3145796	0.322893	104	2	188
2270979	0.245216	104	2	189
2949517	0.384109	104	3	284
3528937	0.298913	104	3	296
3490033	0.380641	104	3	293
3273234	0.207501	104	3	290
2895616	0.362648	104	3	292
3241984	0.097175	104	4	379
2977517	0.288381	104	3	290
3644482	0.303053	104	3	285
3836470	0.280554	104	3	294
3745815	0.263118	104	3	286
1981604	0.323403	104	2	194
3932501	0.159547	104	4	383
2362543	0.217761	104	3	283
2602202	0.449204	104	3	285
2969314	0.465338	104	3	298
3086498	0.292705	104	3	282
3430954	0.265294	104	3	283
2179809	0.476871	104	3	290
3999837	0.185841	104	5	476
3594428	0.329355	104	3	285
2936227	0.337848	104	3	283
3116675	0.382617	104	3	291
3471396	0.317297	104	3	286
3259656	0.387822	104	3	286
2909421	0.134552	104	5	464
3423550	0.243195	104	4	378
3130471	0.229457	104	4	372
3586909	0.131592	104	3	283
3211704	0.471052	104	2	191
3472671	0.281861	104	5	466
3458613	0.285731	104	3	311
3927793	0.193609	104	3	287
2790381	0.270913	104	3	291
4660878	0.058355	104	4	376
2908007	0.379714	104	3	285
3738338	0.036520	104	4	372
3372265	0.254061	104	3	293
3221197	0.254205	104	3	286
2774784	0.313459	104	3	283
3316820	0.152286	104	3	285
3463323	0.240971	104	3	303
3735114	0.123076	104	3	294
3613322	0.258650	104	3	286
3427909	0.117483	104	4	381
3447810	0.148416	104	3	287
2995849	0.206823	104	3	295
4839501	0.017145	104	5	490
2613383	0.255044	104	3	284
2735027	0.297103	104	3	289
3624856	0.264050	104	3	287
3808809	0.167878	104	4	402
3011169	0.246607	104	4	382
3335238	0.454033	104	3	292
3959053	0.177148	104	4	382
3717258	0.058984	104	5	485
3376760	0.199327	104	4	772
3244207	0.220140	104	4	771
3804693	0.157570	104	3	336
3070637	0.241116	104	3	331
3399744	0.241669	104	3	336
2797981	0.233212	104	3	340
3820759	0.158175	104	3	347
4041387	0.153677	104	4	384
4027802	0.161153	104	4	383
2704725	0.424045	104	2	197
2666801	0.395031	104	2	197
3604360	0.083473	104	6	574
2685538	0.456461	104	3	294
4191561	0.147254	104	3	289
2886636	0.175501	104	3	320
2062072	0.439632	104	2	189
2051008	0.330150	104	2	201
2103527	0.450704	104	2	191
3236779	0.242386	104	3	289
3672209	0.158753	104	3	318
3886867	0.168650	104	5	458
3973917	0.174833	104	4	375
4085379	0.095321	104	5	463
4607742	0.091928	104	13	1259
4630690	0.063100	104	9	891
3330894	0.451302	104	2	194
4210769	0.081981	104	5	493
4696318	0.067300	104	5	478
3634409	0.129948	104	4	400
3300549	0.371557	104	2	395
3829598	0.031749	104	8	1531
3095004	0.333234	104	3	589
2757677	0.380786	104	3	342
2940726	0.390179	104	3	325
3996790	0.197501	104	5	552
2678893	0.389607	104	4	444
2787476	0.214128	104	3	298
3596693	0.064416	104	4	390
3194191	0.303222	104	3	301
1503136	0.094043	104	2	194
1596754	0.201448	104	2	193
2992537	0.249950	104	3	332
3721658	0.299271	104	3	329
3268398	0.296996	104	3	331
3549330	0.315612	104	3	328
3681568	0.172742	104	4	434
4510360	0.096361	104	4	394
3940210	0.095224	104	4	388
4010482	0.114646	104	4	388
2620783	0.239950	104	3	298
2643473	0.205839	104	4	436
3026730	0.240338	104	3	330
3067352	0.484452	104	2	232
1885072	0.385015	104	2	221
2110583	0.420815	104	2	222
2293686	0.402285	104	2	204
2630732	0.076471	104	4	398
3394917	0.146354	104	4	400
1687295	0.378334	104	3	294
4707646	0.018313	104	8	788
4722504	0.071821	104	6	675
3515280	0.101831	104	5	547
3038659	0.191621	104	3	332
3389667	0.212709	104	3	336
3760124	0.289559	104	2	224
4269642	0.131199	104	4	408
3168516	0.216394	104	4	390
1370937	0.577814	104	2	194
1324589	0.541719	104	2	195
3343083	0.353085	104	3	289
3525480	0.288054	104	3	318
4315741	0.101160	104	4	377
4465657	0.097595	104	4	387
4209463	0.081448	104	4	378
2192365	0.176798	104	3	294
2359644	0.455811	104	2	204
4057426	0.025448	104	4	386
2733863	0.260259	104	3	300
2369350	0.174475	104	3	301
3681314	0.170708	104	3	630
2554063	0.399494	104	3	578
4538601	0.129595	104	4	794
3715348	0.219886	104	3	329
2687714	0.154463	104	4	444
3218396	0.112127	104	6	648
3347110	0.086811	104	6	675
1520854	0.217692	104	2	239
1528118	0.315804	104	2	195
2135718	0.385415	104	2	184
3044047	0.202309	104	4	394
3772708	0.134560	104	5	573
3769852	0.129935	104	4	439
2821982	0.322383	104	3	330
3920359	0.108091	104	4	456
3123287	0.196609	104	5	491
2144730	0.311298	104	2	193
4361743	0.023662	104	7	709
3041749	0.366842	104	2	208
2966508	0.495970	104	2	195
3359192	0.390958	104	2	220
3877876	0.215619	104	3	334
3024652	0.540617	104	2	218
3001064	0.469793	104	2	220
1954850	0.711929	104	2	231
3122734	0.233683	104	3	314
2866189	0.466812	104	2	199
3626388	0.256981	104	2	194
1428613	0.391632	104	2	194
1675442	0.310908	104	2	190
2495560	0.413022	104	2	185
3183406	0.448218	104	2	190
3011734	0.435420	104	3	299
3921117	0.314079	104	2	195
3370186	0.464532	104	2	196
2436664	0.507664	104	2	256
2854054	0.457990	104	2	210
3568665	0.605995	104	2	280
3638390	0.396032	104	2	239
3209057	0.383079	104	2	235
1965741	0.440643	104	2	273
2382841	0.549706	104	2	426
3515500	0.185448	104	3	622
3571914	0.294917	104	2	222
2611566	0.548486	104	2	229
2187455	0.493687	104	2	224
2668524	0.477660	104	2	220
2620144	0.430128	104	2	229
3261195	0.363090	104	3	372
3247399	0.264626	104	3	804
2624980	0.370495	104	2	485
2731725	0.439424	104	2	285
3103967	0.387966	104	2	278
2646418	0.396940	104	2	256
2608379	0.435209	104	2	248
1605606	0.447589	104	2	434
3022429	0.504258	104	2	425
